NLTV-LK_013-1_L=1000.000000_D=0.0540_d=0.300_Cn2=1e-16.png: 0.904476
NLTV-TVL1_013-1_L=1000.000000_D=0.0540_d=0.300_Cn2=1e-16.png: 0.904437
TV-LK_013-1_L=1000.000000_D=0.0540_d=0.300_Cn2=1e-16.png: 0.904471
TV-TVL1_013-1_L=1000.000000_D=0.0540_d=0.300_Cn2=1e-16.png: 0.904454
Temporal_Average_013-1_L=1000.000000_D=0.0540_d=0.300_Cn2=1e-16.png: 0.901354
