NLTV-LK_058-1_L=2000.000000_D=0.0540_d=0.300_Cn2=5e-15.png: 0.682446
NLTV-TVL1_058-1_L=2000.000000_D=0.0540_d=0.300_Cn2=5e-15.png: 0.734120
TV-LK_058-1_L=2000.000000_D=0.0540_d=0.300_Cn2=5e-15.png: 0.682777
TV-TVL1_058-1_L=2000.000000_D=0.0540_d=0.300_Cn2=5e-15.png: 0.734177
Temporal_Average_058-1_L=2000.000000_D=0.0540_d=0.300_Cn2=5e-15.png: 0.576208
